122.41928200495232 , 5.8997216243805894
119.68510548181165 , 3.6965490602216744
117.35264754641106 , 5.053598857315698
116.03900921020205 , 4.945524521739317
114.99445676391711 , 4.878937675979063
110.26956029316314 , 2.7783514608287763
112.18609456968088 , 2.927671559915058
119.74114120444598 , 3.2546857743759614
101.88299910653124 , 6.323225314300522
111.49069820266566 , 4.737728676322551
102.48073892214944 , 3.0238172157160887
112.26147098051699 , 2.9546641934628117
109.97228853927903 , 2.9948239274176154
109.56831657584706 , 4.693946416790391
101.45702904463327 , 6.181538402784427
108.74719394661182 , 4.679838255162799
105.71205887525817 , 8.653101089122888
99.75936927678899 , 6.329081418067573
94.52890752664003 , 7.7488715104274615
96.3736363917894 , 6.627727561738041
97.35095613618903 , 9.679539107614271
102.16612225756538 , 9.837156851467647
88.76719564013939 , 5.228195617288684
105.55349545667866 , 6.178589113457891
107.4265815789468 , 3.765688855366485
105.36591888889781 , 4.6415898001869715
105.0693313887888 , 4.6394153007137255
94.05555723958362 , 4.10169012983564
109.56944131737752 , 4.495892052129375
104.20758960170346 , 4.633954484839317
107.32216975007415 , 3.387753264210713
97.37690521318646 , 3.6710411915101893
103.37970527504437 , 4.629816862840264
103.10972480847266 , 4.628686174799328
95.52815251775124 , 4.6281829243351895
90.12436052648317 , 7.961224907517491
98.49190853876176 , 6.5119469077159255
107.3384834320601 , 4.370523764420425
101.7925642552081 , 4.624604916735598
101.53404245592142 , 4.62407138956531
101.27665846602005 , 4.6236243913137836
88.38504330604418 , 3.4436138932875013
105.17582571117205 , 4.371398373520782
100.50936851969863 , 4.622782131095824
92.16934356657637 , 4.022830152726698
95.84011147185798 , 9.70934516756803
101.41220659167953 , 3.2237781676940123
99.49063148030172 , 4.62278213109593
99.2354867397274 , 4.622981363351576
88.21432506663271 , 4.3933916502017025
104.09974021386488 , 9.099833984453568
92.91149994478208 , 7.323003610506214
114.12280742250144 , 3.0056996897953376
96.0465801027033 , 8.792714811674484
97.68614979633367 , 4.62594308732745
97.4229506553856 , 4.626754850828453
104.14217606756435 , 4.03846010639107
95.50624904172577 , 5.764162835108605
96.49572026055934 , 4.213007006381365
96.34752374746509 , 4.631066391099104
96.0716677310596 , 4.632442601328195
109.396778586695 , 3.2449549755806846
103.67158847756427 , 4.54277069185355
107.98841329740699 , 5.108773935484461
91.98486663747302 , 7.326562041725386
94.63408111110314 , 4.641589800186903
102.89017416103576 , 5.251700899892737
94.65867578473505 , 3.899994148992893
93.70942636350293 , 4.649435490780443
99.01197318185902 , 6.069828551469076
93.05768020621416 , 4.6560308463630316
92.71891521360872 , 4.659843584366225
92.37028083511518 , 4.664063217688334
92.01063882129814 , 4.668750044027499
102.62982811720013 , 2.9777708767148003
94.82406004404736 , 6.946367239186099
95.02297980651453 , 4.254286559019471
90.43168342415423 , 4.693946416790353
97.1350493170699 , 3.8350692194482763
94.5851723647615 , 3.649316888052379
89.03509550978583 , 4.724020747411224
88.50930179733581 , 4.737728676321903
90.67528416280265 , 6.146477704017158
97.02956940523407 , 3.934741844231633
98.98862356363313 , 7.430868874200363
104.93143471517872 , 3.014984296542291
99.00426648452174 , 8.238697654308496
83.96099078980099 , 4.94552452173845
94.31907077495087 , 6.234275849784796
99.04032139201821 , 4.5302529741481345
77.58071799505187 , 5.899721624384818
123.24182994382033 , 4.731732512904484
120.88223273782566 , 4.343440749348334
113.33104760192354 , 3.96385351645722
105.44155351488905 , 4.437894689879527
108.8385214663549 , 7.526197895461971
110.26305550764785 , 3.0028881558760716
106.40358439038317 , 4.059792494838156
95.47866591339664 , 6.374384663902987
103.57193675198312 , 4.319049067604619
96.1026280773022 , 6.146392204993196
91.53404185620693 , 7.862579352225809
124.53733297498862 , 3.7601193105423296
124.04396559543382 , 4.347237990538841
112.5740616539631 , 4.217595180189074
61.80424545979281 , 6.682079540905164
103.56600680672852 , 3.905208356395854
98.27496219813003 , 7.909163721123197
116.30031267197721 , 3.7627827833324075
119.34539536580378 , 4.744595130662728
114.08134020859752 , 4.479365419102931
109.62762989721114 , 4.075182979103685
114.80986211847461 , 4.388578331404895
115.90176327402108 , 3.4173591361313447
111.61675663693765 , 3.5565421581484853
107.90342585358239 , 3.1755212615591497
99.31788492003436 , 5.523352253952612
96.18879769710102 , 4.552556730345572
100.2573108560549 , 4.464814921831033
93.61309976103279 , 6.356646854765911
115.35844211221729 , 5.415654925742674
99.09668843329122 , 4.546902626991375
97.58755233247254 , 7.744505149012487
91.81016175818196 , 5.067201864618634
93.99803704953239 , 7.552028551270105
88.34244953971171 , 6.6386194717400375
89.20513641839192 , 7.909486969279432
91.5436433475056 , 7.517351762608345
84.38361643031325 , 7.037709937073952
88.6528319385319 , 6.557302655966504
105.46565651734943 , 5.492015402032319
103.84906156370421 , 5.102342295515664
98.80093708800956 , 5.327096024537619
98.78239694177263 , 5.248933300459157
99.55442245740176 , 4.437080816079279
99.33307116985804 , 7.233308226469507
95.5821612395886 , 4.387472758949369
118.91563081166031 , 4.175961965442617
113.74939453980018 , 3.8734987201067166
107.65437423982691 , 5.645175685423631
107.3384834320601 , 4.370523764420425
115.30347189319036 , 4.008619527856708
106.42852930998517 , 6.099855982085384
105.54383324349953 , 5.105781605375896
102.66619312682465 , 6.380303757032907
103.45259990649228 , 6.1979936603582315
98.04398130773853 , 5.242224326685002
102.31124449423051 , 4.815799194303693
95.70361600696839 , 4.890247496086854
100.48731743123793 , 6.92913209568825
103.57412625738664 , 5.685821162249828
97.53934377222961 , 4.494130091855881
99.11589952256281 , 6.8681736482758255
98.70618507717181 , 5.573335376653179
96.03614790387421 , 7.871283065037617
100.09403025077607 , 6.312675159775558
92.76471410307194 , 5.197121684099
94.71382995668321 , 7.3069944933071715
92.48383596385793 , 7.793819767884337
92.48383596385793 , 7.793819767884337
88.14693090122626 , 8.100856093966975
88.09428508048882 , 6.759143864848057
105.20388257059335 , 6.237275457641447
109.76461333001969 , 4.820640836730602
106.64561636388932 , 6.240793267254595
98.15391377758034 , 5.590801402020574
103.4203415723752 , 7.03084407011561
96.81982229685153 , 7.357917647946096
96.17373636024713 , 7.377448395255752
101.57698426499317 , 7.112377850775874
103.48647272109018 , 7.162631960245252
101.51449500483915 , 6.658195843587019
92.46651289107785 , 6.881189965059512
89.65641772644965 , 8.365019257247306
89.65641772644963 , 8.365019257247306
114.33128662649858 , 5.39694458664512
88.11660272845238 , 6.053887148023297
100.67065202472027 , 7.867797667346933
98.21307253037324 , 9.001585638218211
101.8915036066115 , 7.345312492962268
100.6706520247203 , 7.867797667346933
97.89513798430781 , 9.002608395525503
97.89513798430781 , 9.002608395525503
97.89513798430782 , 9.002608395525503
96.692837347559 , 8.407803478020227
97.20094220981902 , 8.247621322753748
102.27581633129603 , 8.172003757889005
96.48898280971073 , 9.009783161713159
102.6650922950594 , 8.176998736774353
95.11675200686571 , 8.711319380073942
95.11675200686571 , 8.711319380073942
95.1645721007023 , 9.021988346243704
95.1645721007023 , 9.021988346243704
94.83331894774037 , 8.264478416008032
94.62019528696055 , 9.029250793448371
94.62019528696055 , 9.029250793448371
94.62019528696055 , 9.029250793448371
102.29850548370716 , 9.16408028455523
98.52259845246918 , 9.00076946251061
97.56667760894345 , 9.003875410316331
97.56667760894345 , 9.003875410316331
97.56667760894345 , 9.003875410316331
97.22512263139565 , 9.005438946536856
91.54727399194155 , 8.269137291352026
96.08477259695049 , 9.012829547624008
96.08477259695049 , 9.012829547624008
95.64700836981642 , 9.016760605321089
95.64700836981639 , 9.016760605321089
95.64700836981639 , 9.016760605321089
95.64700836981639 , 9.016760605321089
93.98463425952646 , 9.040022971773084
95.65768900006788 , 8.272853972668447
93.98463425952646 , 9.040022971773084
93.98463425952646 , 9.040022971773084
97.51001600002982 , 8.588300769686596
101.47740154753184 , 9.000769462510638
101.47740154753184 , 9.000769462510638
101.78692746962781 , 9.001585638218254
101.78692746962781 , 9.001585638218254
101.78692746962781 , 9.001585638218254
105.98136150421477 , 8.166312717126864
100.5824447154588 , 8.999323127721546
106.84465334749284 , 7.5864767746932635
98.09909135115659 , 8.710725921275554
97.10808922985844 , 8.217330732472636
98.7619905159268 , 7.334959467877276
100.29063527603422 , 8.999127495342893
99.41755528454215 , 8.999323127721532
99.12336321403416 , 8.999655050050745
101.17449120331045 , 9.000132517899768
104.06382496414734 , 7.574602620426872
100.87663678596684 , 8.999655050050757
100.60433295573985 , 7.306085631920487
99.4812183631643 , 8.473738796310705
99.7093647239667 , 8.999127495342876
99.92000245385712 , 8.393074258278745
100.00000000000044 , 8.999062858944999
99.92000245385715 , 8.393074258278745
100.00000000000045 , 8.999062858944999
110.53759704423092 , 8.449026277466842
117.44867958863387 , 7.642169620081557
111.02230194548964 , 7.448952970791017
101.76123440603024 , 8.709165443932841
103.13273331120136 , 9.007372695236791
105.20513766182414 , 8.707897771259976
102.7748773686055 , 9.005438946536904
112.319492652633 , 6.2460229890525
105.93464055002654 , 8.425283853586734
106.01536574047532 , 9.04002297177316
106.01536574047532 , 9.04002297177316
106.01536574047532 , 9.04002297177316
104.03426507153671 , 7.878839301280451
105.30094681026615 , 8.719507111295576
99.97364406449451 , 8.362191205255668
100.25822072797435 , 8.122101010847748
103.91522740305075 , 9.012829547624063
107.60741517528275 , 8.408094020965466
96.69283734755899 , 8.407803478020227
106.84465334749284 , 7.5864767746932635
112.10634461315608 , 6.114838770888905
103.13273331120138 , 9.007372695236791
107.80573388163481 , 8.858655652412049
111.42745184768215 , 8.098075920690865
107.80573388163481 , 8.858655652412049
104.91460238876296 , 8.761663255336007
106.43943015223175 , 8.485281803566648
104.34146682531507 , 8.521415289956135
104.34146682531507 , 8.521415289956135
104.91460238876294 , 8.761663255336007
104.91460238876294 , 8.761663255336007
112.81254639250754 , 7.65624882691137
101.29717240922854 , 9.837443500663797
107.5545511207987 , 8.846691295019193
104.2117008332978 , 8.687044407777615
107.83968016720623 , 8.896270057263774
105.77151920074658 , 8.887080163173222
105.77151920074658 , 8.887080163173222
106.11331214366572 , 8.524819665160107
104.07873296386117 , 8.508107671848984
95.97233729740339 , 9.604376622690191
106.41404760484843 , 8.919049336813808
107.44933210747566 , 9.145405228565156
99.90127483983537 , 9.155194953865827
98.45952681887591 , 9.238283020579562
103.4755781045288 , 8.654458995574997
95.10569094809433 , 9.424889928974656
99.08525353814345 , 8.564307246207486
101.96558454100237 , 9.107205749240867
101.96558454100237 , 9.107205749240867
100.38988949566678 , 9.20911160317169
102.13097967186339 , 8.4029512384101
101.58413576480193 , 7.454346198193318
100.38988949566678 , 9.20911160317169
99.78513212328357 , 9.166592493844222
99.78513212328356 , 9.16659249384422
96.64307546993072 , 9.249844027892898
96.64307546993072 , 9.249844027892898
96.64307546993072 , 9.249844027892898
96.64307546993072 , 9.249844027892898
92.6297453024713 , 8.993171730511747
94.3969657624505 , 9.386898473359095
92.31253121008415 , 8.539538586980218
98.90637013723347 , 9.223169627524351
101.62034753811588 , 9.242124091015647
98.27813676430135 , 9.266998885467938
98.27813676430135 , 9.266998885467938
93.09564261877293 , 8.621843555097225
93.0956426187729 , 8.621843555097225
93.0956426187729 , 8.621843555097225
95.4644990965376 , 9.463850108470233
110.60913410139348 , 8.798707850505682
101.06319235649974 , 9.563420659632675
104.0997402138649 , 9.099833984453568
98.310541933044 , 9.584041328519145
98.310541933044 , 9.584041328519145
100.74432880459035 , 9.30427740482519
98.310541933044 , 9.584041328519145
99.29067229717322 , 9.454512342589673
97.29544921099122 , 9.596386791374524
94.459175494383 , 9.260480567188361
92.81191743860059 , 9.268458663661715
95.71273253814864 , 9.696940783552261
97.893966132681 , 9.32156298129344
97.893966132681 , 9.32156298129344
105.46529900687791 , 9.25621480017237
102.84571111351325 , 9.700950943180633
102.84571111351325 , 9.700950943180633
101.06219296704704 , 9.64740143352935
101.18486634290166 , 9.212374133865413
101.06219296704704 , 9.64740143352935
101.06219296704704 , 9.64740143352935
101.06219296704704 , 9.64740143352935
101.18486634290166 , 9.212374133865413
101.06219296704704 , 9.64740143352935
107.2703042597736 , 8.212484180259084
102.55285675763447 , 9.582293306522917
102.55285675763447 , 9.582293306522917
97.79579876380254 , 9.647105354101647
97.79579876380254 , 9.647105354101647
101.38503804592753 , 9.088941436862841
97.88245434263065 , 9.561769228539355
95.84011147185798 , 9.70934516756803
95.84011147185798 , 9.70934516756803
95.84011147185798 , 9.70934516756803
95.84011147185797 , 9.70934516756803
111.62863834067966 , 8.220545800754506
107.50812363673613 , 8.094493367424679
107.50812363673613 , 8.094493367424679
104.72002196864044 , 9.000742578987293
104.72002196864042 , 9.00074257898729
103.5952232909087 , 8.062255487315182
104.29333610796364 , 7.797334906883552
104.29333610796364 , 7.797334906883552
106.29335407110769 , 8.998473983221945
106.29335407110769 , 8.998473983221945
106.29335407110769 , 8.998473983221945
106.66243173041931 , 8.837084888082293
104.34615812170641 , 8.997860406303598
104.34615812170641 , 8.997860406303598
104.34615812170641 , 8.997860406303598
104.34615812170641 , 8.997860406303598
104.25410781577861 , 8.772769803509204
106.97732594069844 , 8.476574655382926
104.25410781577864 , 8.772769803509204
105.64146206917592 , 8.419714344989044
105.64146206917592 , 8.419714344989044
46.931502207754754 , 7.125884608903357
103.71502147752534 , 8.902283366294101
103.71502147752534 , 8.902283366294101
103.71502147752534 , 8.902283366294101
101.64104508535758 , 8.949856776023637
101.64104508535758 , 8.949856776023637
104.60349904535082 , 8.62800078495359
104.6034990453508 , 8.62800078495359
102.56612995882473 , 8.988769509004324
102.56612995882473 , 8.988769509004324
102.56612995882473 , 8.988769509004324
102.56612995882473 , 8.988769509004324
102.31360838414574 , 8.987953416283608
102.31360838414574 , 8.987953416283608
102.31360838414574 , 8.987953416283608
102.31360838414574 , 8.987953416283608
102.05206836327399 , 8.95431334005504
102.05206836327399 , 8.95431334005504
102.05206836327399 , 8.95431334005504
99.79284864213282 , 8.086118594778327
101.14735814661599 , 7.808218348209685
101.14735814661599 , 7.808218348209685
106.29216089872251 , 8.716863993870398
106.29216089872256 , 8.716863993870398
101.38929361684889 , 8.985708433223932
101.38929361684889 , 8.985708433223932
101.38929361684889 , 8.985708433223932
101.38929361684889 , 8.985708433223932
101.17988955987896 , 8.985395694098754
101.17988955987896 , 8.985395694098754
101.17988955987896 , 8.985395694098754
101.17988955987896 , 8.985395694098754
100.97287429593297 , 8.985131547501306
100.97287429593297 , 8.985131547501306
100.97287429593297 , 8.985131547501306
100.97287429593297 , 8.985131547501306
102.04610972493091 , 8.944867670885817
102.04610972493091 , 8.944867670885817
102.04610972493091 , 8.944867670885817
100.56659074982811 , 8.984745244603905
100.56659074982811 , 8.984745244603905
100.56659074982808 , 8.984745244603905
100.56659074982811 , 8.984745244603905
100.36645918098682 , 8.984618916672574
100.36645918098682 , 8.984618916672574
100.36645918098682 , 8.984618916672574
100.36645918098682 , 8.984618916672574
100.16701270639771 , 8.984532072836837
100.16701270639771 , 8.984532072836837
100.16701270639771 , 8.984532072836837
100.16701270639771 , 8.984532072836837
99.96788004367507 , 8.984483707113927
99.96788004367507 , 8.984483707113927
99.96788004367507 , 8.984483707113927
99.96788004367507 , 8.984483707113927
100.41103262905004 , 8.943048029219428
100.41103262905004 , 8.943048029219428
100.41103262905004 , 8.943048029219428
100.56932090086958 , 8.921604868124582
95.64072323382543 , 8.615781483626638
100.53718171131462 , 8.587798910242434
100.53718171131462 , 8.587798910242434
97.35572678553247 , 8.75758483840882
99.87739323943035 , 8.971465013326403
99.87739323943035 , 8.971465013326403
99.87739323943035 , 8.971465013326403
100.26126600820812 , 8.94419128211256
100.26126600820812 , 8.94419128211256
100.26126600820812 , 8.94419128211256
98.97790222700641 , 8.98485729004752
98.97790222700641 , 8.98485729004752
98.97790222700642 , 8.98485729004752
98.97790222700641 , 8.98485729004752
98.77880868074287 , 8.98506176802807
98.77880868074287 , 8.98506176802807
98.77880868074288 , 8.98506176802807
98.77880868074287 , 8.98506176802807
98.57744245619038 , 8.985313471930997
98.57744245619038 , 8.985313471930997
98.57744245619038 , 8.985313471930997
98.57744245619038 , 8.985313471930997
98.37335917731909 , 8.98561588508264
98.37335917731909 , 8.98561588508264
98.37335917731914 , 8.98561588508264
98.37335917731909 , 8.98561588508264
98.166073663471 , 8.985973376729579
98.166073663471 , 8.985973376729579
98.16607366347095 , 8.985973376729579
98.166073663471 , 8.985973376729579
97.95504999570437 , 8.986391382770337
97.95504999570437 , 8.986391382770337
97.95504999570437 , 8.986391382770337
97.95504999570437 , 8.986391382770337
97.73968929262615 , 8.986876647116338
97.73968929262615 , 8.986876647116338
97.73968929262615 , 8.986876647116338
97.73968929262615 , 8.986876647116338
97.51931440803472 , 8.987437545963253
97.51931440803472 , 8.987437545963253
97.51931440803472 , 8.987437545963253
97.51931440803472 , 8.987437545963253
97.29315045016604 , 8.988084527781568
97.29315045016604 , 8.988084527781568
97.29315045016604 , 8.988084527781568
97.29315045016604 , 8.988084527781568
97.06029955426573 , 8.988830718200868
97.06029955426573 , 8.988830718200868
97.06029955426573 , 8.988830718200868
97.06029955426573 , 8.988830718200868
96.81970762459072 , 8.989692765054356
96.81970762459072 , 8.989692765054356
96.8197076245907 , 8.989692765054356
96.81970762459072 , 8.989692765054356
97.63518075262309 , 8.965303500309446
97.63518075262309 , 8.965303500309446
97.63518075262309 , 8.965303500309446
96.04443254729348 , 8.993176496429637
96.04443254729348 , 8.993176496429637
96.04443254729351 , 8.993176496429637
96.04443254729351 , 8.993176496429637
95.76127419689982 , 8.994768365783647
95.76127419689982 , 8.994768365783647
95.76127419689982 , 8.994768365783647
95.76127419689982 , 8.994768365783647
95.46095832154981 , 8.996678181567116
95.46095832154981 , 8.996678181567116
95.46095832154981 , 8.996678181567116
95.46095832154981 , 8.996678181567116
95.13973114569119 , 8.999003985114356
95.13973114569119 , 8.999003985114356
95.13973114569119 , 8.999003985114356
95.1397311456912 , 8.999003985114356
94.79252565181307 , 9.001891631514537
94.79252565181307 , 9.001891631514537
94.79252565181307 , 9.001891631514537
94.79252565181307 , 9.001891631514537
94.41224340513035 , 9.005568565414901
94.41224340513035 , 9.005568565414901
94.41224340513035 , 9.005568565414901
94.41224340513035 , 9.005568565414901
93.98846141412845 , 9.01041149321516
93.98846141412845 , 9.01041149321516
93.98846141412845 , 9.01041149321516
93.98846141412848 , 9.01041149321516
93.50489937147218 , 9.017096181234521
93.50489937147218 , 9.017096181234521
93.50489937147219 , 9.017096181234521
93.50489937147218 , 9.017096181234521
92.93386239873139 , 9.02697696269013
92.93386239873139 , 9.02697696269013
92.93386239873139 , 9.02697696269013
92.9338623987314 , 9.02697696269013
92.22188691347553 , 9.043254977000375
92.22188691347553 , 9.043254977000375
92.22188691347553 , 9.043254977000375
92.22188691347553 , 9.043254977000375
91.24169326191365 , 9.075891881485708
91.24169326191365 , 9.075891881485708
91.24169326191365 , 9.075891881485708
91.24169326191365 , 9.075891881485708
89.52572719448324 , 9.180016256749115
89.52572719448324 , 9.180016256749115
89.52572719448324 , 9.180016256749115
89.52572719448324 , 9.180016256749115
96.31329957221607 , 8.991834140635335
96.31329957221607 , 8.991834140635335
96.31329957221607 , 8.991834140635335
96.31329957221607 , 8.991834140635335
101.19150683873148 , 8.947097202048221
97.3443753333422 , 8.955285979816086
100.86634551524598 , 8.476786764104114
99.03750214729585 , 8.563128701873607
100.8365232277712 , 8.144615626106111
102.31830879836512 , 7.858895785777117
102.31830879836514 , 7.858895785777117
99.55363332662633 , 8.620924835139279
97.35590611056449 , 8.998106927580388
90.88588572349217 , 9.229269680210281
90.88588572349217 , 9.229269680210281
90.88588572349217 , 9.229269680210281
90.88588572349217 , 9.229269680210281
103.46204501684674 , 8.159386858697912
103.46204501684674 , 8.159386858697912
103.46204501684673 , 8.159386858697912
103.46204501684673 , 8.159386858697912
104.2951389023377 , 8.531020067719625
99.87660664431134 , 8.6028072413101
99.87660664431134 , 8.6028072413101
99.87660664431135 , 8.6028072413101
99.87660664431137 , 8.6028072413101
96.98868901401704 , 8.657120378972396
99.53794468877156 , 7.872994394317078
99.53794468877156 , 7.872994394317078
99.25228641166865 , 8.197353798183999
99.25228641166865 , 8.197353798183999
99.25228641166863 , 8.197353798183999
99.25228641166865 , 8.197353798183999
96.45248999223804 , 8.262863223148546
96.45248999223806 , 8.262863223148546
104.37971694857445 , 8.859950912432671
96.45248999223806 , 8.262863223148546
98.40687421701479 , 8.875114173020911
106.88043838390625 , 7.921680686693921
106.51287072945401 , 8.958498051626465
109.25992399211091 , 8.72457365249631
106.19311517627666 , 8.629589120049042
103.3908637749761 , 8.951712155553652
106.19311517627666 , 8.629589120049042
103.3908637749761 , 8.951712155553652
104.20708269398523 , 8.989864129439066
104.20708269398523 , 8.989864129439066
104.20708269398523 , 8.989864129439066
104.20708269398523 , 8.989864129439066
104.51704726897562 , 8.893890312865329
104.51704726897562 , 8.893890312865329
104.51704726897562 , 8.893890312865329
104.47864439729123 , 8.962457963022064
104.47864439729123 , 8.962457963022064
104.47864439729126 , 8.962457963022064
103.71088778894591 , 8.972600328003278
103.71088778894591 , 8.972600328003278
100.95451794631802 , 8.758609831459905
103.71088778894593 , 8.972600328003278
105.45625105214181 , 8.424602977216567
102.70718404380291 , 8.98439165664257
102.70718404380291 , 8.98439165664257
102.70718404380291 , 8.98439165664257
102.7071840438029 , 8.98439165664257
102.06532660804149 , 8.982948678693436
102.06532660804149 , 8.982948678693436
102.06532660804149 , 8.982948678693436
102.06532660804149 , 8.982948678693436
102.99008108027176 , 8.455924003387018
102.99008108027176 , 8.455924003387018
101.02970258233012 , 8.975029327641556
101.02970258233012 , 8.975029327641556
103.16264484318424 , 8.86396415529951
101.02970258233012 , 8.975029327641556
100.02240908278189 , 8.541231769472654
100.02240908278189 , 8.541231769472654
105.13655278650374 , 8.449991568196891
102.2760405367948 , 8.983382519164563
102.2760405367948 , 8.983382519164563
102.2760405367948 , 8.983382519164563
102.2760405367948 , 8.983382519164563
101.65609330490256 , 8.98222536229194
101.65609330490256 , 8.98222536229194
101.65609330490256 , 8.98222536229194
101.65609330490256 , 8.98222536229194
101.25881240208746 , 8.981659402410632
101.25881240208746 , 8.981659402410632
101.25881240208746 , 8.981659402410632
101.25881240208746 , 8.981659402410632
103.3102361462482 , 8.436078949817317
100.87370980287228 , 8.981236422729776
100.87370980287228 , 8.981236422729776
100.87370980287228 , 8.981236422729776
100.87370980287228 , 8.981236422729776
98.01478320646639 , 9.518170038652316
98.01478320646639 , 9.518170038652316
95.60715392699841 , 9.25223219703926
98.01478320646639 , 9.518170038652316
100.24487489346797 , 9.379625759347636
98.01478320646639 , 9.518170038652316
98.01478320646639 , 9.518170038652316
98.01478320646639 , 9.518170038652316
97.16512104527358 , 9.52627273003063
97.16512104527358 , 9.52627273003063
97.16512104527358 , 9.52627273003063
97.16512104527358 , 9.52627273003063
97.16512104527358 , 9.52627273003063
97.16512104527358 , 9.52627273003063
97.16512104527358 , 9.52627273003063
97.16512104527358 , 9.52627273003063
95.79772030538625 , 9.381870810622862
97.89604711301418 , 9.520532179081972
95.79772030538628 , 9.381870810622862
97.89604711301418 , 9.520532179081972
95.79772030538628 , 9.381870810622862
97.89604711301418 , 9.520532179081972
95.79772030538628 , 9.381870810622862
95.79772030538628 , 9.381870810622862
95.67583182452165 , 9.53893628701172
95.67583182452165 , 9.53893628701172
95.67583182452165 , 9.53893628701172
95.67583182452165 , 9.53893628701172
95.67583182452165 , 9.53893628701172
95.67583182452165 , 9.53893628701172
95.67583182452165 , 9.53893628701172
95.67583182452165 , 9.53893628701172
95.12165417900134 , 9.547319206007177
95.12165417900134 , 9.547319206007177
95.12165417900134 , 9.547319206007177
95.12165417900134 , 9.547319206007177
95.12165417900134 , 9.547319206007177
95.12165417900134 , 9.547319206007177
95.12165417900134 , 9.547319206007177
97.9950644392396 , 9.519121745901966
97.9950644392396 , 9.519121745901966
97.9950644392396 , 9.519121745901966
97.9950644392396 , 9.519121745901966
97.9950644392396 , 9.519121745901966
97.9950644392396 , 9.519121745901966
97.73554275383486 , 9.523626482089549
97.73554275383486 , 9.523626482089549
97.73554275383486 , 9.523626482089549
97.73554275383486 , 9.523626482089549
97.73554275383486 , 9.523626482089549
97.73554275383486 , 9.523626482089549
97.73554275383486 , 9.523626482089549
97.73554275383486 , 9.523626482089549
95.93341483245544 , 9.53255869363565
97.84122675199362 , 9.40577619989149
95.93341483245544 , 9.53255869363565
95.93341483245544 , 9.53255869363565
95.93341483245544 , 9.53255869363565
95.93341483245544 , 9.53255869363565
95.93341483245544 , 9.53255869363565
95.93341483245544 , 9.53255869363565
96.91552104107829 , 9.52782235891358
96.91552104107829 , 9.52782235891358
96.91552104107829 , 9.52782235891358
96.91552104107829 , 9.52782235891358
96.91552104107829 , 9.52782235891358
96.91552104107829 , 9.52782235891358
96.91552104107829 , 9.52782235891358
94.59592883460505 , 9.561776942959863
94.59592883460505 , 9.561776942959863
92.2868440459395 , 9.284187780225775
94.59592883460505 , 9.561776942959863
94.59592883460505 , 9.561776942959863
94.59592883460505 , 9.561776942959863
94.59592883460505 , 9.561776942959863
94.59592883460505 , 9.561776942959863
93.08003385843996 , 9.616852148318328
93.08003385843996 , 9.616852148318328
93.08003385843996 , 9.616852148318328
93.08003385843996 , 9.616852148318328
93.08003385843996 , 9.616852148318328
93.08003385843996 , 9.616852148318328
93.08003385843996 , 9.616852148318328
93.08003385843996 , 9.616852148318328
99.86215717108753 , 9.519614717162344
99.86215717108753 , 9.519614717162344
99.86215717108753 , 9.519614717162344
99.86215717108753 , 9.519614717162344
99.86215717108753 , 9.519614717162344
99.86215717108753 , 9.519614717162344
99.86215717108753 , 9.519614717162344
99.86215717108753 , 9.519614717162344
102.3193374606594 , 9.586218043981281
102.3193374606594 , 9.586218043981281
102.3193374606594 , 9.586218043981281
102.3193374606594 , 9.586218043981281
100.2536266709203 , 9.482152482604782
100.2536266709203 , 9.482152482604782
100.2536266709203 , 9.482152482604782
102.10990655940154 , 9.444219997080248
102.10990655940154 , 9.444219997080248
102.10990655940154 , 9.444219997080248
98.66707453160127 , 9.519047305678464
98.66707453160127 , 9.519047305678464
98.66707453160127 , 9.519047305678464
98.66707453160127 , 9.519047305678464
98.66707453160127 , 9.519047305678464
98.66707453160127 , 9.519047305678464
98.66707453160127 , 9.519047305678464
101.22366306867853 , 9.461183130382649
100.13177985066818 , 9.512816421535517
100.13177985066818 , 9.512816421535517
100.13177985066818 , 9.512816421535517
98.67870775868491 , 9.479540712876387
98.67870775868491 , 9.479540712876387
98.67870775868491 , 9.479540712876387
98.67870775868491 , 9.479540712876387
98.67870775868491 , 9.479540712876387
98.67870775868491 , 9.479540712876387
98.67870775868491 , 9.479540712876387
99.44543880143236 , 9.488028295459891
99.44543880143237 , 9.488028295459891
99.44543880143236 , 9.488028295459891
99.44543880143236 , 9.488028295459891
99.44543880143236 , 9.488028295459891
99.44543880143236 , 9.488028295459891
99.44543880143236 , 9.488028295459891
98.48737488257761 , 9.52129629405574
98.48737488257761 , 9.52129629405574
98.48737488257761 , 9.52129629405574
98.48737488257761 , 9.52129629405574
98.48737488257761 , 9.52129629405574
98.48737488257761 , 9.52129629405574
98.48737488257761 , 9.52129629405574
98.48737488257761 , 9.52129629405574
105.87480590796478 , 9.250830824396086
105.13662240129149 , 9.373501720324715
103.11269788135728 , 9.530043602826854
103.11269788135728 , 9.530043602826854
103.11269788135728 , 9.530043602826854
105.2730081643599 , 9.492293586384541
105.2730081643599 , 9.492293586384541
105.2730081643599 , 9.492293586384541
102.78314966524749 , 9.510582542631743
102.78314966524749 , 9.510582542631743
102.78314966524749 , 9.510582542631743
103.8559171379008 , 9.375070262637337
103.8559171379008 , 9.375070262637337
103.319345689769 , 9.466395036600122
101.30753969437163 , 9.520328419005475
101.30753969437163 , 9.520328419005475
101.30753969437163 , 9.520328419005475
101.30753969437163 , 9.520328419005475
101.30753969437163 , 9.520328419005475
101.30753969437163 , 9.520328419005475
101.30753969437163 , 9.520328419005475
101.30753969437163 , 9.520328419005475
93.20166039562027 , 9.057776649662337
93.2016603956203 , 9.057776649662337
93.2016603956203 , 9.057776649662337
93.2016603956203 , 9.057776649662337
92.13797241124988 , 9.09324627187884
92.13797241124988 , 9.09324627187884
92.13797241124988 , 9.09324627187884
92.13797241124988 , 9.09324627187884
90.30683740900312 , 9.205128281449895
90.30683740900312 , 9.205128281449895
90.30683740900312 , 9.205128281449895
90.30683740900312 , 9.205128281449895
99.14229462768543 , 6.982461142456592
102.52917297877097 , 9.688253418001224
102.52917297877097 , 9.688253418001224
102.52917297877097 , 9.688253418001224
102.52917297877097 , 9.688253418001224
97.47082702122903 , 9.688253418001224
101.78839536408273 , 9.85170681383212
101.78839536408273 , 9.85170681383212
101.78839536408273 , 9.85170681383212
101.78839536408273 , 9.85170681383212
101.78839536408273 , 9.85170681383212
101.78839536408273 , 9.85170681383212
101.78839536408273 , 9.85170681383212
101.78839536408273 , 9.85170681383212
98.21160463591727 , 9.85170681383212
98.21160463591727 , 9.85170681383212
98.21160463591727 , 9.85170681383212
98.21160463591727 , 9.85170681383212
98.21160463591727 , 9.85170681383212
98.21160463591727 , 9.85170681383212
94.57143403324204 , 8.88159884388397
98.21160463591727 , 9.85170681383212
101.78839536408273 , 9.85170681383212
101.78839536408273 , 9.85170681383212
101.78839536408273 , 9.85170681383212
101.78839536408273 , 9.85170681383212
98.21160463591727 , 9.85170681383212
98.21160463591727 , 9.85170681383212
98.21160463591727 , 9.85170681383212
98.21160463591727 , 9.85170681383212
98.21160463591727 , 9.85170681383212
98.21160463591727 , 9.85170681383212
98.21160463591727 , 9.85170681383212
98.21160463591727 , 9.85170681383212
102.64904386381099 , 9.679539107614271
102.64904386381099 , 9.679539107614271
102.64904386381099 , 9.679539107614271
97.35095613618903 , 9.679539107614271
97.35095613618903 , 9.679539107614271
102.16612225756538 , 9.837156851467647
102.16612225756538 , 9.837156851467647
97.83387774243461 , 9.837156851467647
97.83387774243461 , 9.837156851467647
97.83387774243461 , 9.837156851467647
100.50708412081362 , 8.980972774829105
100.50708412081362 , 8.980972774829105
100.50708412081362 , 8.980972774829105
100.50708412081362 , 8.980972774829105
100.32942271287412 , 8.980893463158257
100.32942271287412 , 8.980893463158257
100.32942271287412 , 8.980893463158257
100.32942271287412 , 8.980893463158257
122.7452515867818 , 6.258293099744839
100.15224059579555 , 8.98083987922032
100.15224059579555 , 8.98083987922032
100.15224059579558 , 8.98083987922032
99.97528059698917 , 8.980811548625688
99.97528059698917 , 8.980811548625688
99.97528059698917 , 8.980811548625688
99.97528059698917 , 8.980811548625688
99.79828789448217 , 8.98080822414352
99.79828789448217 , 8.98080822414352
99.79828789448217 , 8.98080822414352
99.79828789448217 , 8.98080822414352
99.44973467133404 , 8.980882696045352
99.44973467133404 , 8.980882696045352
99.44973467133404 , 8.980882696045352
103.44808456148897 , 7.712078559228682
99.27771991560203 , 8.98096275110869
99.27771991560203 , 8.98096275110869
99.27771991560203 , 8.98096275110869
99.27771991560203 , 8.98096275110869
99.12984906294955 , 8.939015321783963
99.12984906294955 , 8.939015321783963
99.12984906294955 , 8.939015321783963
98.93051547407097 , 8.98121077496128
98.93051547407097 , 8.98121077496128
98.93051547407097 , 8.98121077496128
98.93051547407097 , 8.98121077496128
98.75480697357257 , 8.981381271882478
98.75480697357257 , 8.981381271882478
98.75480697357257 , 8.981381271882478
98.75480697357257 , 8.981381271882478
98.5773125593957 , 8.981584071416252
98.57731255939568 , 8.981584071416252
98.5773125593957 , 8.981584071416252
98.5773125593957 , 8.981584071416252
98.39773043737483 , 8.98182133405365
94.15603048605993 , 7.816128028219574
98.39773043737483 , 8.98182133405365
98.39773043737483 , 8.98182133405365
98.21573465191673 , 8.982095689292189
98.21573465191673 , 8.982095689292189
98.21573465191672 , 8.982095689292189
98.21573465191673 , 8.982095689292189
98.03096998437664 , 8.982410319311493
98.03096998437664 , 8.982410319311493
98.03096998437664 , 8.982410319311493
98.03096998437664 , 8.982410319311493
97.84304584484133 , 8.982769066748896
97.84304584484133 , 8.982769066748896
97.84304584484133 , 8.982769066748896
97.84304584484133 , 8.982769066748896
97.65152886108113 , 8.983176574144718
97.65152886108113 , 8.983176574144718
97.65152886108113 , 8.983176574144718
97.65152886108113 , 8.983176574144718
97.45593376933184 , 8.983638465657974
97.45593376933185 , 8.983638465657974
97.45593376933185 , 8.983638465657974
97.45593376933185 , 8.983638465657974
97.25571207109977 , 8.984161586096125
97.25571207109978 , 8.984161586096125
97.25571207109977 , 8.984161586096125
97.25571207109977 , 8.984161586096125
97.05023771808877 , 8.984754318934241
97.05023771808877 , 8.984754318934241
97.05023771808877 , 8.984754318934241
97.05023771808875 , 8.984754318934241
96.83878879161605 , 8.985427015102735
96.83878879161605 , 8.985427015102735
96.83878879161604 , 8.985427015102735
96.83878879161605 , 8.985427015102735
96.62052370177972 , 8.98619258005802
96.62052370177972 , 8.98619258005802
96.62052370177972 , 8.98619258005802
96.62052370177972 , 8.98619258005802
96.39444975947029 , 8.987067291754899
96.39444975947029 , 8.987067291754899
96.39444975947029 , 8.987067291754899
96.39444975947028 , 8.987067291754899
96.15938092510837 , 8.988071963289821
96.15938092510838 , 8.988071963289821
96.15938092510837 , 8.988071963289821
96.15938092510837 , 8.988071963289821
96.24970067535679 , 8.983042889010402
96.24970067535679 , 8.983042889010402
96.24970067535679 , 8.983042889010402
95.6572014501505 , 8.990579049111012
95.6572014501505 , 8.990579049111012
95.6572014501505 , 8.990579049111012
95.6572014501505 , 8.990579049111012
95.38622392057181 , 8.992164547276355
95.38622392057181 , 8.992164547276355
95.38622392057181 , 8.992164547276355
95.38622392057181 , 8.992164547276355
95.09814086763943 , 8.994056875627225
95.09814086763943 , 8.994056875627225
95.09814086763943 , 8.994056875627225
95.09814086763943 , 8.994056875627225
94.7892707627221 , 8.996351616805732
94.7892707627221 , 8.996351616805732
94.7892707627221 , 8.996351616805732
94.7892707627221 , 8.996351616805732
94.45463743818823 , 8.999190950474954
94.45463743818821 , 8.999190950474954
94.45463743818821 , 8.999190950474954
94.45463743818821 , 8.999190950474954
94.08726202008036 , 9.002796622611887
94.08726202008036 , 9.002796622611887
94.08726202008036 , 9.002796622611887
94.08726202008036 , 9.002796622611887
93.67688748462552 , 9.007536040501712
93.67688748462552 , 9.007536040501712
93.67688748462552 , 9.007536040501712
93.67688748462552 , 9.007536040501712
93.20747949379252 , 9.01406868332934
93.20747949379252 , 9.01406868332934
93.20747949379252 , 9.01406868332934
93.20747949379252 , 9.01406868332934
92.6517401631391 , 9.023717352197773
92.6517401631391 , 9.023717352197773
92.6517401631391 , 9.023717352197773
92.6517401631391 , 9.023717352197773
91.95692882015088 , 9.039612296729803
91.95692882015088 , 9.039612296729803
91.95692882015088 , 9.039612296729803
91.95692882015089 , 9.039612296729803
90.99736114581577 , 9.071511409133077
90.99736114581577 , 9.071511409133077
90.99736114581577 , 9.071511409133077
90.99736114581577 , 9.071511409133077
89.31062079406969 , 9.173588608109323
89.31062079406969 , 9.173588608109323
89.31062079406969 , 9.173588608109323
89.31062079406969 , 9.173588608109323
